c) 
9423    10010011001111
2389    100101010101
2624    101001000000
7422    1110011111110
3882    111100101010
8036    1111101100100
9169    10001111010001
9744    10011000010000
7376    1110011010000
4716    1001001101100
6614    1100111010110
8164    1111111100100
5136    1010000010000
1274    10011111010
6178    1100000100010
5896    1011100001000
439    110110111
2580    101000010100
981    1111010101
6147    1100000000011
7300    1110010000100
8590    10000110001110
4190    1000001011110
855    1101010111
7651    1110111100011
9682    10010111010010
9400    10010010111000
6914    1101100000010
1553    11000010001
1009    1111110001
3598    111000001110
2907    101101011011
9395    10010010110011
6317    1100010101101
9451    10010011101011
1556    11000010100
6745    1101001011001
9593    10010101111001
4223    1000001111111
4019    111110110011
8297    10000001101001
9800    10011001001000
588    1001001100
4363    1000100001011
9743    10011000001111
4410    1000100111010
8626    10000110110010
7703    1111000010111
8276    10000001010100
7877    1111011000101
5583    1010111001111
5077    1001111010101
8979    10001100010011
758    1011110110
4821    1001011010101
2765    101011001101
6235    1100001011011
8594    10000110010010
1727    11010111111
9542    10010101000110
2080    100000100000
3064    101111111000
2281    100011101001
9363    10010010010011
1447    10110100111
8316    10000001111100
2120    100001001000
4177    1000001010001
1948    11110011100
2734    101010101110
1025    10000000001
5535    1010110011111
9756    10011000011100
9064    10001101101000
3819    111011101011
2452    100110010100
4419    1000101000011
8306    10000001110010
3798    111011010110
3468    110110001100
6015    1011101111111
a) 494
b) 187869866
d) 
