b) 
8890 10001010111010
65458340 11111001101101000010100100
13016121 110001101001110000111001
67252941 100000000100011001011001101
6731940 11001101011100010100100
152429167 1001000101011110001001101111
22229 101011011010101
8640344 100000111101011101011000
10198 10011111010110
2670789 1010001100000011000101
2111306 1000000011011101001010
31735 111101111110111
11689289 101100100101110101001001
23585 101110000100001
13452114 110011010100001101010010
111955748 110101011000100111100100100
3441397 1101001000001011110101
156922253 1001010110100111000110001101
15023 11101010101111
18972 100101000011100
63419350 11110001111011001111010110
2437766 1001010011001010000110
9423 10010011001111
19310 100101101101110
26287883 1100100010001111100001011
34264479 10000010101101010110011111
425820 1100111111101011100
18279 100011101100111
12590598 110000000001111000000110
31350474 1110111100101111011001010
63926976 11110011110111001011000000
57745474 11011100010010000001000010
26212888 1100011111111101000011000
22887290 1010111010011101101111010
549519 10000110001010001111
581106 10001101110111110010
29244 111001000111100
2870107 1010111100101101011011
47248569 10110100001111010010111001
60947084 11101000011111101010001100
173594354 1010010110001101011011110010
2202702 1000011001110001001110
195040126 1011101000000001001101111110
5207645 10011110111011001011101
3835155 1110101000010100010011
5867838 10110011000100100111110
96864649 101110001100000100110001001
2818912 1010110000001101100000
2389 100101010101
33035909 1111110000001011010000101
14135 11011100110111
66845797 11111110111111110001100101
117650704 111000000110011010100010000
33290861 1111110111111101001101101
12467322 101111100011110001111010
17760 100010101100000
96076119 101101110100000000101010111
86500865 101001001111110011000000001
32531 111111100010011
9357829 100011101100101000000101
4091606 1111100110111011010110
2624 101001000000
15735885 111100000001110001001101
11450662 101011101011100100100110
83968645 101000000010100001010000101
3839984 1110101001011111110000
22679 101100010010111
102737179 110000111111010010100011011
18628 100100011000100
26841 110100011011001
41231687 10011101010010010101000111
11941809 101101100011011110110001
3895876 1110110111001001000100
4077247 1111100011011010111111
147376331 1000110010001100100011001011
29761 111010001000001
23945 101110110001001
5148949 10011101001000100010101
26208356 1100011111110100001100100
6776027 11001110110010011011011
885094 11011000000101100110
7610873 11101000010000111111001
100970561 110000001001011000001000001
4363075 10000101001001101000011
22375 101011101100111
6133916 10111011001100010011100
2245144 1000100100001000011000
13918289 110101000110000001010001
42526254 10100010001110011000101110
24035 101110111100011
2526015 1001101000101100111111
115900584 110111010001000000010101000
58221328 11011110000110001100010000
95040725 101101010100011010011010101
90173234 101010111111110111100110010
20343 100111101110111
113921507 110110010100100110111100011
162096549 1001101010010110010110100101
512919 1111101001110010111
802818 11000100000000000010
21692 101010010111100
32390 111111010000110
7422 1110011111110
10303099 100111010011011001111011
195986 101111110110010010
4650683 10001101111011010111011
32046 111110100101110
18633867 1000111000101010010001011
91509547 101011101000101001100101011
92380350 101100000011001110010111110
190576455 1011010110111111011101000111
11101432 101010010110010011111000
3882 111100101010
140991102 1000011001110101101001111110
4758049 10010001001101000100001
3325915 1100101011111111011011
8036 1111101100100
589779 10001111111111010011
39194469 10010101100000111101100101
9169 10001111010001
297054 1001000100001011110
3142406 1011111111001100000110
60545440 11100110111101100110100000
5586336 10101010011110110100000
8286513 11111100111000100110001
18256 100011101010000
9744 10011000010000
19238 100101100100110
89367099 101010100111010001000111011
23721403 1011010011111010110111011
20871238 1001111100111100001000110
417131 1100101110101101011
12961097 110001011100010101001001
7376 1110011010000
134449084 1000000000111000011110111100
179133988 1010101011010101111000100100
21397532 1010001101000000000011100
18405315 1000110001101011111000011
112977414 110101110111110011000000110
10285436 100111001111000101111100
14224334 110110010000101111001110
10939 10101010111011
5727832 10101110110011001011000
4716 1001001101100
98083 10111111100100011
25300362 1100000100000110110001010
45433728 10101101010100001110000000
107665665 110011010101101100100000001
8220861 11111010111000010111101
6614 1100111010110
426992 1101000001111110000
8164 1111111100100
5348483 10100011001110010000011
24753 110000010110001
10010 10011100011010
37745879 10001111111111010011010111
13410903 110011001010001001010111
5280713 10100001001001111001001
57061650 11011001101011000100010010
10189 10011111001101
8330860 11111110001111001101100
180302633 1010101111110011001100101001
13240 11001110111000
12203850 101110100011011101001010
18670231 1000111001110001010010111
28279 110111001110111
34656756 10000100001101000111110100
5136 1010000010000
17622065 1000011001110010000110001
31241943 1110111001011011011010111
5208416 10011110111100101100000
125961103 111100000100000001110001111
183078620 1010111010011000111011011100
148164468 1000110101001100111101110100
28696307 1101101011101111011110011
1274 10011111010
17646509 1000011010100001110101101
57670733 11011011111111110001001101
958493 11101010000000011101
119516846 111000111111010111010101110
6848595 11010001000000001010011
28558576 1101100111100010011110000
31276 111101000101100
6178 1100000100010
107247642 110011001000111100000011010
18793 100100101101001
2311587 1000110100010110100011
1204022 100100101111100110110
16289367 111110001000111001010111
129619780 111101110011101011101000100
124495829 111011010111010011111010101
11818028 101101000101010000101100
77703916 100101000011010101011101100
184242357 1010111110110101000010110101
210863315 1100100100011000010011010011
21106 101001001110010
16485900 111110111000111000001100
163382289 1001101111010000010000010001
114531842 110110100111001111000000010
2133865 1000001000111101101001
21672 101010010101000
40013634 10011000101000111101000010
25075 110000111110011
18277 100011101100101
8203837 11111010010111000111101
13065 11001100001001
24746 110000010101010
145490824 1000101011000000001110001000
24071 101111000000111
17115350 1000001010010100011010110
136748135 1000001001101001110001100111
128979274 111101100000001000101001010
6868872 11010001100111110001000
11017733 101010000001111000000101
120154813 111001010010110101010111101
646490 10011101110101011010
24917 110000101010101
68114963 100000011110101101000010011
247671 111100011101110111
14216395 110110001110110011001011
15775162 111100001011010110111010
5547869 10101001010011101011101
5896 1011100001000
20166299 1001100111011011010011011
84496383 101000010010100111111111111
60591 1110110010101111
20008 100111000101000
28424 110111100001000
7052798 11010111001110111111110
72813620 100010101110000110000110100
57772671 11011100011000101001111111
14206765 110110001100011100101101
21384 101001110001000
26382 110011100001110
6096969 10111010000100001001001
41224106 10011101010000011110101010
28481 110111101000001
23711 101110010011111
10027158 100110010000000010010110
124067119 111011001010001110100101111
7790284 11101101101111011001100
1424900 101011011111000000100
439 110110111
124995080 111011100110100011000001000
28239 110111001001111
22506495 1010101110110101111111111
30799899 1110101011111100000011011
100986420 110000001001110111000110100
19040 100101001100000
26066690 1100011011011111100000010
47236729 10110100001100011001111001
137951858 1000001110001111101001110010
102284048 110000110001011101100010000
108753208 110011110110111000100111000
61788801 11101011101101001010000001
47684190 10110101111001101001011110
94929889 101101010001000001111100001
30152607 1110011000001011110011111
28631713 1101101001110001010100001
14089 11011100001001
136365985 1000001000001100011110100001
2263490 1000101000100111000010
2580 101000010100
22231 101011011010111
11295738 101011000101101111111010
981 1111010101
936429 11100100100111101101
10399756 100111101011000000001100
68390891 100000100111000111111101011
20248 100111100011000
37287040 10001110001111010010000000
33330855 1111111001001011010100111
85848574 101000111011111000111111110
26885226 1100110100011110001101010
66435017 11111101011011011111001001
58999212 11100001000100000110101100
38229876 10010001110101011101110100
4264583 10000010001001010000111
13054239 110001110011000100011111
35677527 10001000000110010101010111
15545 11110010111001
96880724 101110001100100100001010100
6147 1100000000011
16777576 1000000000000000101101000
88101657 101010000000101001100011001
65363925 11111001010101111111010101
22481977 1010101110000110000111001
24685897 1011110001010110101001001
64491423 11110110000000111110011111
194867166 1011100111010110111111011110
55758774 11010100101100111110110110
56642602 11011000000100110000101010
80258176 100110010001010010010000000
50231210 10111111100111011110101010
105467555 110010010010100111010100011
55000966 11010001110011111110000110
97576953 101110100001110011111111001
44347296 10101001001010111110100000
212552189 1100101010110100100111111101
24990 110000110011110
205332648 1100001111010010000010101000
11864863 101101010000101100011111
98906294 101111001010011000010110110
136932219 1000001010010110101101111011
608539 10010100100100011011
31211 111100111101011
26130 110011000010010
191766903 1011011011100010000101110111
2459276 1001011000011010001100
66279617 11111100110101100011000001
5161007 10011101100000000101111
165372532 1001110110110110001001110100
85300823 101000101011001011001010111
54292998 11001111000111001000000110
22770 101100011110010
13172 11001101110100
7300 1110010000100
1027248 11111010110010110000
32927164 1111101100110110110111100
51471978 11000100010110011001101010
20519 101000000100111
15702360 111011111001100101011000
7175638 11011010111110111010110
9081810 100010101001001111010010
12294472 101110111001100101001000
58624467 11011111101000100111010011
5822135 10110001101011010110111
225364040 1101011011101100100001001000
10190218 100110110111110110001010
19775 100110100111111
18837 100100110010101
9179542 100011000001000110010110
21157 101001010100101
21226207 1010000111110001011011111
8590 10000110001110
2801939 1010101100000100010011
29966 111010100001110
97133055 101110010100010000111111111
62054859 11101100101110000111001011
1360910 101001100010000001110
110620845 110100101111111000010101101
49604316 10111101001110011011011100
9759567 100101001110101101001111
18184589 1000101010111100110001101
136729342 1000001001100101001011111110
12748989 110000101000100010111101
8852557 100001110001010001001101
17675 100010100001011
20945220 1001111111001100101000100
155669586 1001010001110101010001010010
153911909 1001001011001000001001100101
31272 111101000101000
19970 100111000000010
79444149 100101111000011100010110101
17097 100001011001001
31723667 1111001000001000010010011
17697 100010100100001
25238 110001010010110
42972521 10100011111011010101101001
221777652 1101001110000000111011110100
97510874 101110011111110010111011010
58820623 11100000011000100000001111
28636209 1101101001111010000110001
81448178 100110110101100110011110010
164134818 1001110010000111111110100010
1434045 101011110000110111101
4190 1000001011110
37483066 10001110111111001000111010
32092 111110101011100
225864839 1101011101100110110010000111
855 1101010111
14776325 111000010111100000000101
131903881 111110111001011000110001001
7651 1110111100011
9682 10010111010010
33460198 1111111101000111111100110
27954513 1101010101000110101010001
24193825 1011100010010101100100001
10834 10101001010010
11706389 101100101010000000010101
112718619 110101101111111001100011011
13968 11011010010000
32490 111111011101010
15503536 111011001001000010110000
5913931 10110100011110101001011
25752 110010010011000
41397974 10011101111010111011010110
19250 100101100110010
77780119 100101000101101010010010111
84910626 101000011111010001000100010
12301389 101110111011010001001101
9400 10010010111000
32490 111111011101010
7243777 11011101000100000000001
1185190 100100001010110100110
28264871 1101011110100100110100111
21243236 1010001000010010101100100
113238092 110101111111110000001001100
6914 1101100000010
13387 11010001001011
202555 110001011100111011
1553 11000010001
14184 11011101101000
3730103 1110001110101010110111
16262219 111110000010010001001011
6582670 11001000111000110001110
2534292 1001101010101110010100
17607463 1000011001010101100100111
35511332 10000111011101110000100100
534855 10000010100101000111
26803 110100010110011
31543 111101100110111
22024363 1010100000001000010101011
1304270 100111110011011001110
13343 11010000011111
7570845 11100111000010110011101
1009 1111110001
208747302 1100011100010011101100100110
3598 111000001110
649468 10011110100011111100
74730953 100011101000100110111001001
20020004 1001100010111101100100100
38443052 10010010101001100000101100
136548677 1000001000111001000101000101
551402 10000110100111101010
42701856 10100010111001010000100000
24098617 1011011111011011100111001
11511363 101011111010011001000011
19334740 1001001110000011001010100
33053388 1111110000101101011001100
658793 10100000110101101001
2810482 1010101110001001110010
19557837 1001010100110110111001101
2907 101101011011
101752570 110000100001001111011111010
9395 10010010110011
4246737 10000001100110011010001
193588839 1011100010011110111001100111
8746805 100001010111011100110101
22447482 1010101101000010101111010
14922733 111000111011001111101101
56819539 11011000101111111101010011
2545076 1001101101010110110100
750819 10110111010011100011
2816361 1010101111100101101001
4737348 10010000100100101000100
6317 1100010101101
68074058 100000011101011101001001010
154227328 1001001100010101001010000000
57228211 11011010010011101110110011
62992429 11110000010011000000101101
59089440 11100001011010001000100000
82167850 100111001011100100000101010
30398 111011010111110
10619327 101000100000100110111111
4397775 10000110001101011001111
7458073 11100011100110100011001
3856187 1110101101011100111011
58942936 11100000110110010111011000
1796846 110110110101011101110
217710600 1100111110100000000000001000
1213274 100101000001101011010
24098 101111000100010
102372050 110000110100001001011010010
126928447 111100100001100011000111111
22442705 1010101100111001011010001
26679 110100000110111
6927647 11010011011010100011111
773174 10111100110000110110
9032791 100010011101010001010111
64260077 11110101001000011111101101
2865846 1010111011101010110110
18422857 1000110010001110001001001
21920 101010110100000
317327 1001101011110001111
158851913 1001011101111110001101001001
3375723 1100111000001001101011
31540 111101100110100
7024326 11010110010111011000110
20329299 1001101100011001101010011
22234933 1010100110100011100110101
23567 101110000001111
4117028 1111101101001000100100
94801347 101101001101000110111000011
26791128 1100110001100110011011000
15940 11111001000100
34940283 10000101010010010101111011
3608916 1101110001000101010100
37487649 10001111000000010000100001
19583438 1001010101101000111001110
22460922 1010101101011100111111010
14863076 111000101100101011100100
16470966 111110110101001110110110
107070954 110011000011100010111101010
21408 101001110100000
88288828 101010000110010111000111100
145165738 1000101001110000110110101010
15909 11111000100101
9451 10010011101011
41548120 10011110011111100101011000
123456789 111010110111100110100010101
2183341 1000010101000010101101
27485 110101101011101
103271649 110001001111100110011100001
27839822 1101010001100110101001110
112406785 110101100110011000100000001
21045324 1010000010010000001001100
3782147 1110011011011000000011
10439708 100111110100110000011100
23149097 1011000010011101000101001
4564320 10001011010010101100000
1556 11000010100
112152123 110101011110100111000111011
1530511 101110101101010001111
11708615 101100101010100011000111
19906106 1001011111011111000111010
30448 111011011110000
18622887 1000111000010100110100111
200495485 1011111100110101000101111101
6745 1101001011001
10458781 100111111001011010011101
37069312 10001101011010001000000000
3495362 1101010101010111000010
31006101 1110110010001110110010101
9593 10010101111001
4995190 10011000011100001110110
1114821 100010000001011000101
75781 10010100000000101
24068961 1011011110100001101100001
4223 1000001111111
32730 111111111011010
120909474 111001101001110111010100010
52851095 11001001100111000110010111
24304937 1011100101101110100101001
24288 101111011100000
100628776 101111111110111100100101000
41724619 10011111001010101011001011
44966989 10101011100010010001001101
190869037 1011011000000110111000101101
7411270 11100010001011001000110
320883 1001110010101110011
431066 1101001001111011010
24925 110000101011101
8593564 100000110010000010011100
57646442 11011011111001110101101010
957181 11101001101011111101
32648 111111110001000
686201 10100111100001111001
72850140 100010101111001101011011100
29681 111001111110001
12381 11000001011101
4019 111110110011
17660866 1000011010111101111000010
6667155 11001011011101110010011
37867883 10010000011101000101101011
129568192 111101110010000110111000000
8297 10000001101001
56873208 11011000111101000011111000
31385170 1110111101110011001010010
30791 111100001000111
9951179 100101111101011111001011
26370 110011100000010
5665831 10101100111010000100111
13206630 110010011000010001100110
31511 111101100010111
44842466 10101011000011110111100010
14914 11101001000010
76190918 100100010101001010011000110
11756 10110111101100
121590059 111001111110101000100101011
2301183 1000110001110011111111
9800 10011001001000
16430 100000000101110
111124376 110100111111001111110011000
16537 100000010011001
74307568 100011011011101011111110000
10719635 101000111001000110010011
10566709 101000010011110000110101
2972515 1011010101101101100011
3148562 1100000000101100010010
199550655 1011111001001110011010111111
28217 110111000111001
19885 100110110101101
19983496 1001100001110110010001000
16145359 111101100101101111001111
86762516 101001010111110010000010100
128799556 111101011010101001101000100
16908673 1000000100000000110000001
5113512 10011100000011010101000
195170511 1011101000100001000011001111
22853647 1010111001011100000001111
9797069 100101010111110111001101
112328913 110101100100000000011010001
4694793 10001111010001100001001
126414194 111100010001110110101110010
7267310 11011101110001111101110
14275 11011111000011
90840685 101011010100001111001101101
53058330 11001010011001101100011010
4306337 10000011011010110100001
7217252 11011100010000001100100
1362342 101001100100110100110
9843221 100101100011001000010101
8588428 100000110000110010001100
14036 11011011010100
13398 11010001010110
90834275 101011010100000010101100011
63187746 11110001000010101100100010
11151 10101110001111
31364 111101010000100
187869866 1011001100101010101010101010
13412559 110011001010100011001111
3724035 1110001101001100000011
588 1001001100
4363 1000100001011
90776182 101011010010010001001110110
18082 100011010100010
21264200 1010001000111011101001000
257697 111110111010100001
21217 101001011100001
9743 10011000001111
36459098 10001011000101001001011010
13785143 110100100101100000110111
4410 1000100111010
8626 10000110110010
150634731 1000111110101000000011101011
146621380 1000101111010100001111000100
15210151 111010000001011010100111
6547016 11000111110011001001000
19160711 1001001000101111010000111
163891718 1001110001001100101000000110
16778 100000110001010
2220174 1000011110000010001110
54883947 11010001010111011001101011
105678843 110010011001000011111111011
2137983 1000001001111101111111
12396 11000001101100
16324 11111111000100
3405276 1100111111010111011100
97853137 101110101010001111011010001
201186413 1011111111011101110001101101
11650087 101100011100010000100111
16351478 111110011000000011110110
7703 1111000010111
32665 111111110011001
8276 10000001010100
20730 101000011111010
14840416 111000100111001001100000
2890906 1011000001110010011010
24856 110000100011000
130952115 111110011100010101110110011
205454184 1100001111101111101101101000
19884697 1001011110110101010011001
38885332 10010100010101011111010100
123507413 111010111001001001011010101
2670505 1010001011111110101001
49423708 10111100100010010101011100
12120027 101110001110111111011011
18100271 1000101000011000000101111
4901854 10010101100101111011110
23354 101101100111010
1013703 11110111011111000111
658165 10100000101011110101
22052644 1010100000111111100100100
12781 11000111101101
9355252 100011101011111111110100
9783397 100101010100100001100101
7877 1111011000101
332527 1010001001011101111
1822313 110111100111001101001
39263998 10010101110001111011111110
117905012 111000001110001011001110100
92277636 101100000000000101110000100
5583 1010111001111
119382035 111000111011010000000010011
12348118 101111000110101011010110
70746905 100001101111000001100011001
103500300 110001010110100101000001100
5077 1001111010101
36801149 10001100011000101001111101
13425291 110011001101101010001011
19012 100101001000100
70443469 100001100101110000111001101
10822534 101001010010001110000110
2218321 1000011101100101010001
82832594 100111011111110110011010010
393061 1011111111101100101
18241182 1000101100101011010011110
105106719 110010000111100110100011111
1813466 110111010101111011010
1433594 101011101111111111010
158780012 1001011101101100101001101100
15277508 111010010001110111000100
9960374 100101111111101110110110
194898312 1011100111011110100110001000
148555957 1000110110101100100010110101
23703 101110010010111
12069224 101110000010100101101000
5829164 10110001111001000101100
2494394 1001100000111110111010
25073425 1011111101001011100010001
8979 10001100010011
93556958 101100100111001000011011110
211667 110011101011010011
14869694 111000101110010010111110
18556018 1000110110010010001110010
2405030 1001001011001010100110
25728233 1100010001001010011101001
758 1011110110
25228839 1100000001111011000100111
208041982 1100011001100111011111111110
137177398 1000001011010010100100110110
177991557 1010100110111110111110000101
21749571 1010010111101111101000011
178075827 1010100111010011100010110011
2468892 1001011010110000011100
4821 1001011010101
2765 101011001101
21648 101010010010000
196318080 1011101100111001001110000000
6235 1100001011011
18222758 1000101100000111010100110
138664609 1000010000111101101010100001
142207 100010101101111111
8594 10000110010010
24630 110000000110110
32884784 1111101011100100000110000
61953270 11101100010101010011110110
29190 111001000000110
780150 10111110011101110110
375083 1011011100100101011
47356910 10110100101001101111101110
4815830 10010010111101111010110
24235646 1011100011100111001111110
54844449 11010001001101110000100001
6642662 11001010101101111100110
95456437 101101100001000110010110101
22740085 1010110101111110001110101
3504395 1101010111100100001011
74331641 100011011100011010111111001
1727 11010111111
1595839 110000101100110111111
27948 110110100101100
307967 1001011001011111111
116968926 110111110001100110111011110
12827 11001000011011
12726100 110000100010111101010100
30984 111100100001000
20349 100111101111101
30835 111100001110011
1888800 111001101001000100000
16515799 111111000000001011010111
15369 11110000001001
110934291 110100111001011100100010011
5647371 10101100010110000001011
29266 111001001010010
1279117 100111000010010001101
50141362 10111111010001100010110010
9542 10010101000110
2057209 111110110001111111001
29845 111010010010101
2080 100000100000
168364468 1010000010010000100110110100
124464506 111011010110010110101111010
13602522 110011111000111011011010
8632143 100000111011011101001111
3274316 1100011111011001001100
6781490 11001110111101000110010
52907328 11001001110100110101000000
3340630 1100101111100101010110
39947580 10011000011000110100111100
22250 101011011101010
42253911 10100001001011111001010111
86070241 101001000010101001111100001
77187354 100100110011100100100011010
2139024 1000001010001110010000
9354566 100011101011110101000110
38064304 10010001001101000010110000
20007656 1001100010100101011101000
86482141 101001001111001110011011101
235573 111001100000110101
216902704 1100111011011010110000110000
3064 101111111000
6598785 11001001011000010000001
10013208 100110001100101000011000
8542748 100000100101101000011100
10037 10011100110101
18022 100011001100110
3729020 1110001110011001111100
23423 101101101111111
104998782 110010000100010011101111110
72840349 100010101110111010010011101
2281 100011101001
301078 1001001100000010110
21822 101010100111110
17954 100011000100010
28650973 1101101010010110111011101
4715453 10001111111001110111101
28960625 1101110011110011101110001
84142690 101000000111110101001100010
21430 101001110110110
5003235 10011000101011111100011
122677869 111010011111110101001101101
15474 11110001110010
14719823 111000001001101101001111
115837255 110111001111000100101000111
194463939 1011100101110100100011000011
142901386 1000100001001000000010001010
17633116 1000011010000111101011100
1476574 101101000011111011110
17798 100010110000110
85746847 101000111000110010010011111
9363 10010010010011
18545 100100001110001
1447 10110100111
11681783 101100100011111111110111
30681 111011111011001
25232932 1100000010000011000100100
58791838 11100000010001011110011110
18325 100011110010101
31647109 1111000101110010110000101
3811581 1110100010100011111101
2175841 1000010011001101100001
6978477 11010100111101110101101
454810 1101111000010011010
15526 11110010100110
52322782 11000111100110000111011110
60320144 11100110000110100110010000
8316 10000001111100
26781231 1100110001010011000101111
2759931 1010100001110011111011
81707274 100110111101100000100001010
51383417 11000100000000110001111001
51324946 11000011110010100000010010
20809 101000101001001
76520544 100100011111001110001100000
12560 11000100010000
146804424 1000110000000000111011001000
15163232 111001110101111101100000
62202280 11101101010010000110101000
29623 111001110110111
26021 110010110100101
14636338 110111110101010100110010
2120 100001001000
5683157 10101101011011111010101
930610 11100011001100110010
5560291 10101001101011111100011
23447 101101110010111
1009226 11110110011001001010
26468540 1100100111110000010111100
97547714 101110100000111010111000010
18438459 1000110010101100100111011
8642996 100000111110000110110100
25264 110001010110000
38067283 10010001001101110001010011
19776670 1001011011100010010011110
4177 1000001010001
155956022 1001010010111011001100110110
25168125 1100000000000100011111101
36893885 10001100101111010010111101
1739940 110101000110010100100
23276197 1011000110010101010100101
40662722 10011011000111011011000010
1948 11110011100
116733735 110111101010011011100100111
116808981 110111101100101110100010101
15731133 111100000000100110111101
14708912 111000000111000010110000
70536923 100001101000100111011011011
2681738 1010001110101110001010
15595848 111011011111100101001000
4805914 10010010101010100011010
31704 111101111011000
20979 101000111110011
22066 101011000110010
37066409 10001101011001011010101001
17416 100010000001000
41870135 10011111101110001100110111
40179024 10011001010001010101010000
30834888 1110101101000000011001000
5365786 10100011110000000011010
92516375 101100000111011000000010111
3960523 1111000110111011001011
166710913 1001111011111100111010000001
32909921 1111101100010101001100001
1948257 111011011101001100001
8397697 100000000010001110000001
45512024 10101101100111010101011000
2734 101010101110
26046 110010110111110
30031 111010101001111
5085680 10011011001100111110000
13198363 110010010110010000011011
18811769 1000111110000101101111001
29543 111001101100111
1025 10000000001
327651 1001111111111100011
29650196 1110001000110110100010100
1717374 110100011010001111110
208581220 1100011011101011001001100100
7973841 11110011010101111010001
4386837 10000101111000000010101
1939659 111011001100011001011
4150077 1111110101001100111101
7313180 11011111001011100011100
89076601 101010011110011001101111001
127597197 111100110101111101010001101
54612355 11010000010101000110000011
5503298 10100111111100101000010
5535 1010110011111
2120947 1000000101110011110011
80285917 100110010010001000011011101
51364913 11000011111100010000110001
9197592 100011000101100000011000
13173892 110010010000010010000100
13469031 110011011000010101100111
12140356 101110010011111101000100
12706367 110000011110001000111111
2671236 1010001100001010000100
152356612 1001000101001100011100000100
9756 10011000011100
36027136 10001001011011101100000000
6936101 11010011101011000100101
14085572 110101101110110111000100
26096 110010111110000
66950344 11111111011001010011001000
30321 111011001110001
58144810 11011101110011100000101010
3700680 1110000111011111001000
81085228 100110101010100001100101100
2670045 1010001011110111011101
8575386 100000101101100110011010
38078753 10010001010000100100100001
9064 10001101101000
12843 11001000101011
15535 11110010101111
20262575 1001101010010111010101111
17102 100001011001110
2834976 1010110100001000100000
158447269 1001011100011011011010100101
21903 101010110001111
75168231 100011110101111100111100111
1026737 11111010101010110001
91491084 101011101000000101100001100
4759500 10010001001111111001100
23047260 1010111111010110001011100
10395724 100111101010000001001100
10719 10100111011111
1399349 101010101101000110101
25421 110001101001101
150834 100100110100110010
26550890 1100101010010001001101010
1280771 100111000101100000011
119595619 111001000001110001001100011
9101839 100010101110001000001111
4907124 10010101110000001110100
3819 111011101011
9007365 100010010111000100000101
11896205 101101011000010110001101
29169 111000111110001
2452 100110010100
116867613 110111101110100001000011101
2205673 1000011010011111101001
4419 1000101000011
2876943 1010111110011000001111
103236110 110001001110100001000001110
29668 111001111100100
8306 10000001110010
130178397 111110000100101110101011101
3798 111011010110
28529112 1101100110101000111011000
31790242 1111001010001010010100010
56890592 11011001000001010011100000
133448170 111111101000100000111101010
23817 101110100001001
3256101 1100011010111100100101
194809439 1011100111001000111001011111
11592144 101100001110000111010000
12770390 110000101101110001010110
124947969 111011100101000111000000001
8818350 100001101000111010101110
14400 11100001000000
8567037 100000101011100011111101
85787308 101000111010000001010101100
5802681 10110001000101010111001
3468 110110001100
66382427 11111101001110101001011011
3513619 1101011001110100010011
2817238 1010101111110011010110
14868935 111000101110000111000111
6015 1011101111111
24783163 1011110100010100100111011
15308 11101111001100
15960078 111100111000100000001110
10238690 100111000011101011100010
225206850 1101011011000110001001000010
10769859 101001000101010111000011
47656287 10110101110010110101011111
73685987 100011001000101101111100011
a) 494
c) 
d) 
